Mean: 0.00295902972973
Median: 0.00957
Std: 0.0925545408796
