Mean: 0.0385573947619
Median: 0.0276401
Std: 0.0698252738922
