Mean: 0.012143
Median: 0.007998
Std: 0.0797631090907
